gene	betweenness_norm	eigenvector_norm	betweenness_tumor	eigenvector_tumor	diff_betweenness	diff_eigenvector	rank_bet	rank_eig	ensemble_score	final_rank	delta_betweenness	delta_eigenvector
PARK2	39562.5	0.114407	14744.5	0.13062	24818.0	0.01621300000000002	0.9995535714285714	1.0	0.9995535714285714	1	-24818.0	0.01621300000000002
EP300	14955.2	0.051937	51982.833333	0.044704	37027.633333000005	0.007232999999999996	1.0	0.9989955357142857	0.9989955357142857	2	37027.633333000005	-0.007232999999999996
NR2C2	5180.5	0.056841	37781.5	0.050768	32601.0	0.006073000000000002	0.9998883928571428	0.99765625	0.9975449044363839	3	32601.0	-0.006073000000000002
YWHAE	11433.666667	0.04181	2583.833333	0.048623	8849.833333999999	0.006813	0.9983258928571429	0.9986607142857142	0.9969888492506378	4	-8849.833333999999	0.006813
UBE2H	3350.833333	0.082453	9017.166667	0.072633	5666.333333999999	0.009819999999999995	0.9954241071428571	0.9996651785714286	0.9950908178212691	5	5666.333333999999	-0.009819999999999995
NTRK1	9452.0	0.08514	2650.5	0.091245	6801.5	0.006105000000000013	0.9969866071428571	0.9977678571428571	0.9947611906090561	6	-6801.5	0.006105000000000013
RPN1	14011.166667	0.037322	1176.0	0.042387	12835.166667	0.005065	0.9987723214285714	0.9952008928571429	0.9939791060467156	7	-12835.166667	0.005065
CDC42	5677.833333	0.0445	402.5	0.050667	5275.333333	0.006166999999999999	0.9946428571428572	0.9981026785714285	0.9927556999362245	8	-5275.333333	0.006166999999999999
PRNP	58154.5	0.059044	46312.833333	0.0637	11841.666666999998	0.004656000000000007	0.9985491071428572	0.99375	0.9923081752232144	9	-11841.666666999998	0.004656000000000007
HSPA5	12002.0	0.067099	7506.5	0.073724	4495.5	0.006624999999999992	0.9936383928571428	0.9985491071428572	0.9921967300103636	10	-4495.5	0.006624999999999992
APP	42232.833333	0.048064	10999.0	0.052262	31233.833333000002	0.004198	0.9997767857142857	0.9920758928571428	0.9918544473453443	11	-31233.833333000002	0.004198
HECTD1	11655.0	0.041787	25912.666667	0.037839	14257.666667000001	0.003948	0.9988839285714286	0.9909598214285714	0.9898538394850128	12	14257.666667000001	-0.003948
AR	6306.0	0.036333	29401.333333	0.032427	23095.333333	0.0039059999999999997	0.9994419642857143	0.9904017857142857	0.9898491061463648	13	23095.333333	-0.0039059999999999997
HNRNPL	25176.0	0.051728	20414.0	0.056772	4762.0	0.005044	0.9938616071428571	0.9950892857142857	0.9889810367506376	14	-4762.0	0.005044
PTEN	9276.833333	0.033725	5294.5	0.039205	3982.3333330000005	0.005479999999999999	0.9917410714285714	0.9962053571428572	0.9879777682557398	15	-3982.3333330000005	0.005479999999999999
HDLBP	4963.5	0.042975	610.5	0.047619	4353.0	0.004644000000000002	0.9935267857142858	0.9935267857142858	0.9870954739317603	16	-4353.0	0.004644000000000002
WWP2	4115.5	0.040892	171.0	0.046002	3944.5	0.005110000000000003	0.9916294642857143	0.9953125	0.986981201171875	17	-3944.5	0.005110000000000003
CIC	6422.5	0.029906	1004.833333	0.034004	5417.6666669999995	0.004098000000000001	0.9950892857142857	0.9917410714285714	0.9868709143813774	18	-5417.6666669999995	0.004098000000000001
TOP3B	11895.0	0.04104	19756.5	0.037383	7861.5	0.0036570000000000005	0.9979910714285715	0.9887276785714286	0.9867413952885843	19	7861.5	-0.0036570000000000005
PPP2R1A	1446.5	0.035713	7836.333333	0.031825	6389.833333	0.0038880000000000026	0.9964285714285714	0.9900669642857143	0.9865310108418367	20	6389.833333	-0.0038880000000000026
TGOLN2	13282.833333	0.036129	34805.5	0.032745	21522.666666999998	0.003383999999999998	0.9993303571428571	0.9863839285714285	0.9857234036192601	21	21522.666666999998	-0.003383999999999998
SUZ12	260.5	0.035447	3268.333333	0.029298	3007.833333	0.006148999999999998	0.9876116071428571	0.9979910714285715	0.9856275659677933	22	3007.833333	-0.006148999999999998
RPA1	431.0	0.131719	3118.5	0.122928	2687.5	0.008791000000000007	0.9859375	0.9994419642857143	0.9853873116629465	23	2687.5	-0.008791000000000007
DDX21	256.0	0.043869	2898.5	0.035482	2642.5	0.008386999999999999	0.9852678571428571	0.9993303571428571	0.984608079559949	24	2642.5	-0.008386999999999999
SMC1A	3226.066667	0.025729	21027.5	0.02251	17801.433333	0.0032189999999999996	0.9989955357142857	0.9848214285714286	0.9838322106186225	25	17801.433333	-0.0032189999999999996
RPN2	4775.833333	0.034482	733.5	0.038557	4042.3333329999996	0.004075000000000002	0.9919642857142857	0.9916294642857143	0.9836610132334184	26	-4042.3333329999996	0.004075000000000002
TRIM67	1222.5	0.173776	3905.5	0.167722	2683.0	0.006054000000000004	0.9858258928571428	0.9974330357142858	0.9832953129982462	27	2683.0	-0.006054000000000004
ERBB2	3711.5	0.027303	804.0	0.032635	2907.5	0.0053319999999999965	0.9870535714285714	0.9958705357142857	0.9829775689572704	28	-2907.5	0.0053319999999999965
LMBR1L	288.5	0.029242	4417.0	0.025502	4128.5	0.0037400000000000003	0.9926339285714286	0.9893973214285714	0.9821093500876914	29	4128.5	-0.0037400000000000003
TOPBP1	937.5	0.032056	4215.0	0.027639	3277.5	0.004417000000000001	0.9890625	0.9926339285714286	0.9817769949776786	30	3277.5	-0.004417000000000001
MECP2	7185.666667	0.049208	1908.0	0.052609	5277.666667	0.0034010000000000012	0.9947544642857142	0.9866629464285714	0.9814873707051179	31	-5277.666667	0.0034010000000000012
NEK4	1174.0	0.021604	5096.0	0.017987	3922.0	0.003617000000000002	0.9911830357142857	0.9881696428571428	0.9794569864078443	32	3922.0	-0.003617000000000002
RELA	3213.5	0.04085	979.0	0.046902	2234.5	0.006052000000000002	0.9815848214285714	0.9973214285714286	0.9789555763711735	33	-2234.5	0.006052000000000002
FUBP3	101.0	0.022161	3858.333333	0.018645	3757.333333	0.0035160000000000018	0.9908482142857142	0.9878348214285714	0.9787943688217473	34	3757.333333	-0.0035160000000000018
CLTC	546.333333	0.044511	2822.5	0.038851	2276.166667	0.005660000000000005	0.9819196428571428	0.9965401785714286	0.9785223762356505	35	2276.166667	-0.005660000000000005
RBM27	40.0	0.013152	4273.166667	0.009899	4233.166667	0.0032530000000000007	0.9930803571428571	0.9852678571428571	0.9784501554528061	36	4233.166667	-0.0032530000000000007
RRBP1	3116.0	0.022406	224.0	0.026371	2892.0	0.003965	0.9869419642857142	0.9910714285714286	0.9781299824617347	37	-2892.0	0.003965
USP9X	3939.0	0.02418	8599.666667	0.021063	4660.6666669999995	0.0031170000000000017	0.99375	0.9840401785714286	0.9778899274553572	38	4660.6666669999995	-0.0031170000000000017
DHX9	407.0	0.048463	2623.0	0.042704	2216.0	0.005759	0.9809151785714286	0.996875	0.9778498186383928	39	2216.0	-0.005759
DDRGK1	19878.0	0.059093	1788.0	0.056363	18090.0	0.0027299999999999963	0.9991071428571429	0.978125	0.9772516741071429	40	-18090.0	-0.0027299999999999963
FUBP1	183.0	0.027749	2198.5	0.021963	2015.5	0.0057859999999999995	0.9791294642857142	0.9969866071428571	0.9761789625518176	41	2015.5	-0.0057859999999999995
SKP1	7655.0	0.023995	341.5	0.026743	7313.5	0.0027480000000000004	0.9974330357142858	0.9783482142857143	0.9758368293606505	42	-7313.5	0.0027480000000000004
SND1	4974.0	0.027286	152.5	0.030176	4821.5	0.00289	0.9940848214285715	0.9809151785714286	0.975112890126754	43	-4821.5	0.00289
SFN	6584.0	0.031224	313.0	0.033993	6271.0	0.002769000000000004	0.9962053571428572	0.9787946428571429	0.9750804667570154	44	-6271.0	0.002769000000000004
POR	6996.0	0.011479	165.0	0.014181	6831.0	0.0027019999999999995	0.9970982142857143	0.9774553571428571	0.974618991151148	45	-6831.0	0.0027019999999999995
STX7	3680.666667	0.019479	560.5	0.022746	3120.166667	0.003266999999999999	0.9886160714285714	0.9853794642857143	0.9741619748485332	46	-3120.166667	0.003266999999999999
CCNT1	1257.0	0.016562	6827.0	0.013797	5570.0	0.002765	0.9953125	0.9786830357142857	0.974095458984375	47	5570.0	-0.002765
CUL1	3307.5	0.043385	716.0	0.047025	2591.5	0.0036399999999999974	0.9850446428571429	0.98828125	0.9735011509486607	48	-2591.5	0.0036399999999999974
VHL	1207.0	0.023337	3761.5	0.019764	2554.5	0.003573	0.9845982142857143	0.9879464285714286	0.9727302893813775	49	2554.5	-0.003573
LMNA	1441.0	0.055054	9269.0	0.052552	7828.0	0.0025019999999999973	0.9978794642857143	0.97421875	0.9721528843470982	50	7828.0	-0.0025019999999999973
HEXIM1	2358.833333	0.053131	502.0	0.057943	1856.833333	0.004812000000000004	0.9766741071428572	0.9943080357142857	0.9711149130062181	51	-1856.833333	0.004812000000000004
JUP	2816.833333	0.028847	309.5	0.032272	2507.333333	0.003425000000000001	0.9839285714285714	0.9869419642857142	0.9710803970025509	52	-2507.333333	0.003425000000000001
BAG2	1852.5	0.031139	19.5	0.036065	1833.0	0.004926	0.9760044642857143	0.9948660714285714	0.970993727080676	53	-1833.0	0.004926
CD2BP2	459.5	0.018475	2963.0	0.015094	2503.5	0.0033809999999999986	0.9838169642857143	0.9862723214285715	0.9703114412268814	54	2503.5	-0.0033809999999999986
ATP1A1	1837.0	0.034429	52.0	0.039335	1785.0	0.004906000000000001	0.9751116071428572	0.9947544642857142	0.9699966243821747	55	-1785.0	0.004906000000000001
SNRPD2	6165.233333	0.029908	9200.833333	0.026993	3035.6000000000004	0.002915000000000001	0.9879464285714286	0.9813616071428571	0.969532694913903	56	3035.6000000000004	-0.002915000000000001
HSP90B1	4049.5	0.036364	930.5	0.039245	3119.0	0.0028810000000000016	0.9885044642857143	0.9805803571428572	0.9693080606265944	57	-3119.0	0.0028810000000000016
SMC5	3291.0	0.047843	4840.166667	0.042084	1549.1666670000004	0.005758999999999993	0.9720982142857143	0.9967633928571429	0.9689519142617985	58	1549.1666670000004	-0.005758999999999993
ST7	2901.5	0.008072	35.0	0.011	2866.5	0.002928	0.9868303571428572	0.9816964285714286	0.9687678372130102	59	-2866.5	0.002928
SNRNP200	5290.5	0.030974	1585.833333	0.028289	3704.666667	0.002685	0.9907366071428572	0.9771205357142857	0.9680690843231824	60	-3704.666667	-0.002685
MAPT	1935.5	0.042263	202.0	0.046823	1733.5	0.004559999999999995	0.9746651785714285	0.9931919642857143	0.9680296232262436	61	-1733.5	0.004559999999999995
RIN3	5817.5	0.020502	2406.5	0.023188	3411.0	0.002686000000000001	0.98984375	0.9772321428571429	0.96730712890625	62	-3411.0	0.002686000000000001
ADNP	28.0	0.017303	2569.5	0.01431	2541.5	0.002992999999999999	0.9842633928571428	0.9825892857142857	0.9671266641422194	63	2541.5	-0.002992999999999999
ATG16L1	2853.5	0.045535	296.5	0.048484	2557.0	0.0029490000000000002	0.9847098214285714	0.98203125	0.9670158168247768	64	-2557.0	0.0029490000000000002
YWHAH	2123.0	0.035849	449.5	0.040224	1673.5	0.004375000000000004	0.9741071428571428	0.9924107142857143	0.9667143654336734	65	-1673.5	0.004375000000000004
SEC31A	10.0	0.020068	2637.666667	0.017159	2627.666667	0.0029089999999999984	0.98515625	0.98125	0.9666845703124999	66	2627.666667	-0.0029089999999999984
RHOH	1803.0	0.015998	50.0	0.020006	1753.0	0.004008000000000001	0.9747767857142857	0.99140625	0.9663997977120536	67	-1753.0	0.004008000000000001
SUMO2	1872.833333	0.030089	233.0	0.034381	1639.833333	0.004292000000000001	0.9734375	0.9922991071428572	0.965941162109375	68	-1639.833333	0.004292000000000001
BRCA1	7196.5	0.055988	4080.5	0.053309	3116.0	0.002679000000000001	0.9883928571428572	0.9768973214285714	0.9655583346619898	69	-3116.0	-0.002679000000000001
SMARCC1	375.5	0.027499	1868.5	0.022867	1493.0	0.004632000000000001	0.9714285714285714	0.9934151785714286	0.9650318877551021	70	1493.0	-0.004632000000000001
H2AFY	1550.5	0.026317	230.0	0.03175	1320.5	0.005433	0.9684151785714286	0.9959821428571428	0.964524224728954	71	-1320.5	0.005433
AGR2	1723.0	0.04581	483.0	0.05284	1240.0	0.0070300000000000015	0.965625	0.9987723214285714	0.9644395228794642	72	-1240.0	0.0070300000000000015
TRIM25	4552.0	0.075611	6397.0	0.072118	1845.0	0.003492999999999996	0.9763392857142857	0.9876116071428571	0.9642440110809949	73	1845.0	-0.003492999999999996
RAD21	153.5	0.022264	3741.166667	0.019797	3587.666667	0.0024670000000000004	0.9905133928571429	0.9734375	0.964202880859375	74	3587.666667	-0.0024670000000000004
TIPARP	75.0	0.074269	1262.0	0.062192	1187.0	0.012077000000000004	0.9641741071428571	0.9998883928571428	0.964066498425542	75	1187.0	-0.012077000000000004
CDC37	1339.5	0.029971	3611.5	0.027041	2272.0	0.002930000000000002	0.9818080357142858	0.9818080357142858	0.9639470189931443	76	2272.0	-0.002930000000000002
RBBP7	2033.0	0.029779	194.5	0.03326	1838.5	0.003480999999999998	0.9761160714285714	0.9875	0.9639146205357143	77	-1838.5	0.003480999999999998
SNRNP70	577.0	0.05658	1752.833333	0.048353	1175.833333	0.008226999999999998	0.9638392857142857	0.99921875	0.9630862862723214	78	1175.833333	-0.008226999999999998
UPF1	1661.5	0.035327	20.5	0.039012	1641.0	0.0036850000000000008	0.9735491071428571	0.9890625	0.9629009137834821	79	-1641.0	0.0036850000000000008
TMPO	197.0	0.047714	1587.0	0.04327	1390.0	0.0044439999999999966	0.9698660714285714	0.9927455357142857	0.9628302126514668	80	1390.0	-0.0044439999999999966
ANKRD17	1321.0	0.014274	3729.5	0.0115	2408.5	0.0027740000000000004	0.9831473214285714	0.9790178571428572	0.9625187838807399	81	2408.5	-0.0027740000000000004
SRPRB	6159.666667	0.018704	438.0	0.020855	5721.666667	0.002151	0.9955357142857143	0.9667410714285715	0.9624252630739797	82	-5721.666667	0.002151
HIST1H2BG	1881.5	0.021172	39.5	0.024453	1842.0	0.003280999999999999	0.9762276785714286	0.9854910714285714	0.9620636609135842	83	-1842.0	0.003280999999999999
HSP90AB1	2185.5	0.051716	1061.0	0.061439	1124.5	0.009723000000000002	0.9622767857142858	0.9995535714285714	0.9618471978635204	84	-1124.5	0.009723000000000002
PIH1D1	1861.0	0.033275	8723.833333	0.031211	6862.8333330000005	0.002064	0.9972098214285714	0.9643415178571428	0.9616508328184789	85	6862.8333330000005	-0.002064
CDC34	211.0	0.016992	5956.0	0.014877	5745.0	0.0021150000000000006	0.9956473214285714	0.965625	0.9614219447544642	86	5745.0	-0.0021150000000000006
PSMD14	2236.0	0.026072	587.0	0.029512	1649.0	0.0034399999999999986	0.9736607142857143	0.9870535714285714	0.9610552853954082	87	-1649.0	0.0034399999999999986
RNF4	10285.0	0.047723	4444.833333	0.045624	5840.166667	0.0020990000000000036	0.9957589285714286	0.9649553571428572	0.9608629125478316	88	-5840.166667	-0.0020990000000000036
NUP98	364.333333	0.015616	4619.5	0.013455	4255.166667	0.0021609999999999997	0.9933035714285714	0.9668526785714285	0.9603782186702805	89	4255.166667	-0.0021609999999999997
HIST1H1C	2304.0	0.034468	792.5	0.037984	1511.5	0.0035159999999999983	0.9716517857142857	0.9877232142857143	0.9597230249521683	90	-1511.5	0.0035159999999999983
BIRC6	1050.0	0.011543	5223.666667	0.009412	4173.666667	0.002130999999999999	0.9928571428571429	0.9662946428571428	0.9593925382653061	91	4173.666667	-0.002130999999999999
RAB11A	2324.5	0.029958	347.0	0.032837	1977.5	0.0028789999999999996	0.9784598214285715	0.9804129464285715	0.9592946764887597	92	-1977.5	0.0028789999999999996
KIAA1429	55184.333333	0.078918	25425.5	0.080816	29758.833333000002	0.001897999999999997	0.9996651785714286	0.9594866071428572	0.9591653504663584	93	-29758.833333000002	0.001897999999999997
MARCKS	1198.0	0.0274	71.5	0.032846	1126.5	0.0054459999999999995	0.9623883928571428	0.99609375	0.9586290631975446	94	-1126.5	0.0054459999999999995
CUL3	22642.0	0.102783	23854.833333	0.098227	1212.8333329999987	0.0045560000000000045	0.96484375	0.9930803571428571	0.9581673758370536	95	1212.8333329999987	-0.0045560000000000045
NIPBL	4142.0	0.014374	8078.0	0.012255	3936.0	0.0021189999999999994	0.99140625	0.9659040178571429	0.9576032802036831	96	3936.0	-0.0021189999999999994
MEPCE	2238.0	0.050974	785.666667	0.04761	1452.333333	0.003363999999999999	0.9709821428571429	0.9860491071428571	0.9574360750159439	97	-1452.333333	-0.003363999999999999
BCAS2	1356.166667	0.017744	52.0	0.021426	1304.166667	0.0036820000000000012	0.9677455357142857	0.9888392857142857	0.956944804288903	98	-1304.166667	0.0036820000000000012
COPS5	2567.333333	0.047349	930.0	0.050361	1637.333333	0.003012000000000001	0.9733258928571429	0.9829241071428572	0.9567054841956314	99	-1637.333333	0.003012000000000001
PSMC3	916.0	0.025148	2479.0	0.022057	1563.0	0.003091	0.9725446428571428	0.9837053571428571	0.9566973752391581	100	1563.0	-0.003091
NOSIP	114.0	0.011158	2160.0	0.008511	2046.0	0.002647	0.9794642857142857	0.9766741071428572	0.9566174067283163	101	2046.0	-0.002647
HEXB	1144.5	0.064744	126.333333	0.070659	1018.166667	0.005915000000000004	0.9591517857142857	0.9972098214285714	0.9564755809550383	102	-1018.166667	0.005915000000000004
SHMT2	6031.0	0.026003	1971.5	0.028054	4059.5	0.0020510000000000007	0.9920758928571428	0.9639508928571429	0.95631244270169	103	-4059.5	0.0020510000000000007
POLR2B	4563.0	0.021773	1133.0	0.019665	3430.0	0.0021080000000000022	0.9899553571428571	0.9655133928571429	0.9558151556521046	104	-3430.0	-0.0021080000000000022
GRB2	1284.0	0.030539	249.5	0.036144	1034.5	0.005605000000000002	0.9592633928571429	0.9963169642857143	0.9557303915218431	105	-1034.5	0.005605000000000002
RPL13	3985.833333	0.035556	2630.5	0.032257	1355.333333	0.0032989999999999964	0.9690848214285714	0.9858258928571428	0.9553489093391263	106	-1355.333333	-0.0032989999999999964
RPS10	3717.333333	0.034615	2237.333333	0.031567	1480.0	0.003048000000000002	0.9712053571428572	0.9832589285714286	0.9549463388871174	107	-1480.0	-0.003048000000000002
VIM	4887.0	0.040123	6953.0	0.042632	2066.0	0.0025090000000000043	0.9796875	0.9746651785714285	0.9548672921316964	108	2066.0	0.0025090000000000043
RPL11	11280.0	0.037168	8747.333333	0.03487	2532.6666669999995	0.0022980000000000014	0.9840401785714286	0.9698660714285714	0.9543871821189412	109	-2532.6666669999995	-0.0022980000000000014
EMD	1800.0	0.036261	4861.333333	0.034143	3061.3333329999996	0.002118000000000002	0.9880580357142857	0.9657366071428571	0.9542038150709503	110	3061.3333329999996	-0.002118000000000002
RPS15	246.0	0.024949	2197.833333	0.022417	1951.833333	0.0025319999999999995	0.9779017857142858	0.9751116071428572	0.9535633818957271	111	1951.833333	-0.0025319999999999995
CREBBP	7845.133333	0.019066	3825.166667	0.017101	4019.966666	0.001964999999999998	0.9918526785714286	0.9612723214285714	0.9534405268455038	112	-4019.966666	-0.001964999999999998
EZR	989.5	0.028018	54.0	0.033624	935.5	0.005606	0.9568080357142857	0.9964285714285714	0.9533908641581633	113	-935.5	0.005606
RPL18A	240.5	0.027303	4496.0	0.025417	4255.5	0.0018860000000000023	0.9934151785714286	0.9588169642857143	0.952503325793208	114	4255.5	-0.0018860000000000023
TCP1	1167.5	0.031785	282.0	0.037521	885.5	0.005735999999999998	0.9551339285714285	0.9966517857142857	0.9519359355070153	115	-885.5	0.005735999999999998
RPLP2	780.0	0.026852	2684.166667	0.02437	1904.166667	0.0024820000000000016	0.9774553571428571	0.9738839285714286	0.9519280632174745	116	1904.166667	-0.0024820000000000016
OPTN	5752.5	0.019669	800.5	0.021513	4952.0	0.0018440000000000019	0.9944196428571429	0.95703125	0.951690673828125	117	-4952.0	0.0018440000000000019
MTCH2	1668.0	0.022899	388.0	0.026079	1280.0	0.0031800000000000023	0.9665736607142857	0.9845982142857143	0.9516867003148916	118	-1280.0	0.0031800000000000023
RIF1	2798.5	0.014567	7711.0	0.012725	4912.5	0.0018419999999999999	0.9943080357142857	0.9569196428571428	0.9514728904257015	119	4912.5	-0.0018419999999999999
TRRAP	4535.0	0.030653	5889.0	0.027729	1354.0	0.0029239999999999995	0.9689732142857143	0.9815848214285714	0.9511293995137117	120	1354.0	-0.0029239999999999995
CTNNB1	11296.166667	0.04805	6107.0	0.046245	5189.1666669999995	0.001805000000000001	0.99453125	0.9558035714285714	0.9505765206473213	121	-5189.1666669999995	-0.001805000000000001
RNF40	1479.0	0.013116	58.0	0.015928	1421.0	0.002812000000000002	0.9703125	0.9792410714285714	0.9501698521205357	122	-1421.0	0.002812000000000002
VAPA	967.0	0.02861	63.0	0.033316	904.0	0.004705999999999998	0.9558035714285714	0.9940848214285715	0.9501498226243623	123	-904.0	0.004705999999999998
CHD4	2301.0	0.051705	670.0	0.05432	1631.0	0.0026149999999999993	0.9732142857142857	0.9762276785714286	0.9500787228954082	124	-1631.0	0.0026149999999999993
RTN3	2859.0	0.010293	12.0	0.012282	2847.0	0.0019889999999999994	0.9866071428571429	0.9621651785714286	0.9492790377869899	125	-2847.0	0.0019889999999999994
DDOST	1391.833333	0.024004	383.0	0.027778	1008.833333	0.0037739999999999996	0.9590401785714285	0.9895089285714286	0.9489788195551658	126	-1008.833333	0.0037739999999999996
HSPA8	1341.0	0.098434	3046.0	0.095945	1705.0	0.0024889999999999912	0.97421875	0.9739955357142858	0.9488847133091518	127	1705.0	-0.0024889999999999912
LATS1	6188.5	0.016255	8854.666667	0.014249	2666.1666669999995	0.002005999999999999	0.9856026785714286	0.9627232142857143	0.9488625787228954	128	2666.1666669999995	-0.002005999999999999
RAB4A	1114.0	0.015411	7.0	0.018797	1107.0	0.003386000000000002	0.9614955357142857	0.9864955357142857	0.9485110535913585	129	-1107.0	0.003386000000000002
HIST1H2BH	9301.0	0.018344	5152.0	0.020135	4149.0	0.001791000000000001	0.9927455357142857	0.9552455357142857	0.9483157410913584	130	-4149.0	0.001791000000000001
KIF14	12934.0	0.077338	14137.0	0.074396	1203.0	0.002942	0.9645089285714286	0.9819196428571428	0.9470702626753826	131	1203.0	-0.002942
ZC3H14	376.0	0.016443	1436.0	0.013195	1060.0	0.003247999999999999	0.96015625	0.98515625	0.9459039306640625	132	1060.0	-0.003247999999999999
HSPA6	1094.0	0.021973	34.5	0.025209	1059.5	0.0032359999999999993	0.9600446428571429	0.9850446428571429	0.9456868323501276	133	-1059.5	0.0032359999999999993
RNF2	262.0	0.044339	1091.5	0.039953	829.5	0.004386000000000001	0.9527901785714286	0.9925223214285714	0.9456655198700574	134	829.5	-0.004386000000000001
SP1	992.0	0.0185	4100.333333	0.016665	3108.3333329999996	0.0018349999999999998	0.98828125	0.9565848214285714	0.9453748430524553	135	3108.3333329999996	-0.0018349999999999998
LSR	4263.833333	0.007615	39.0	0.009339	4224.833333	0.0017239999999999998	0.99296875	0.9512834821428572	0.9445947701590401	136	-4224.833333	0.0017239999999999998
PABPC1	969.0	0.04516	118.0	0.048977	851.0	0.003817000000000001	0.9541294642857143	0.9897321428571428	0.9443325992506377	137	-851.0	0.003817000000000001
MOGS	3111.0	0.016577	22.0	0.018378	3089.0	0.001800999999999997	0.9881696428571428	0.9555803571428572	0.9442755002391582	138	-3089.0	0.001800999999999997
FGFR1	2885.5	0.017749	1748.5	0.020633	1137.0	0.0028839999999999977	0.9626116071428571	0.9806919642857143	0.9440254678531568	139	-1137.0	0.0028839999999999977
CHMP4B	1218.0	0.038973	2216.5	0.035867	998.5	0.0031059999999999977	0.9585379464285714	0.9838169642857143	0.9430258926080197	140	998.5	-0.0031059999999999977
TNIP2	2706.5	0.031203	9569.833333	0.029593	6863.3333330000005	0.0016100000000000003	0.9973214285714286	0.9454241071428572	0.9428917211415817	141	6863.3333330000005	-0.0016100000000000003
LARP7	3240.0	0.060601	6523.5	0.062349	3283.5	0.0017479999999999996	0.9891741071428571	0.9525669642857143	0.9422545763911033	142	3283.5	0.0017479999999999996
CPSF6	166.0	0.034525	866.5	0.029669	700.5	0.004855999999999999	0.9463169642857143	0.99453125	0.9411417933872768	143	700.5	-0.004855999999999999
NUDC	4077.5	0.02222	2893.5	0.019659	1184.0	0.0025610000000000008	0.9640625	0.9755580357142857	0.9404989188058036	144	-1184.0	-0.0025610000000000008
NUFIP2	632.333333	0.02293	1593.0	0.019974	960.666667	0.0029560000000000003	0.9575892857142857	0.9821428571428571	0.9404894770408163	145	960.666667	-0.0029560000000000003
SRC	1169.0	0.019622	288.0	0.022712	881.0	0.003089999999999999	0.9550223214285715	0.9835379464285714	0.9393006928113042	146	-881.0	0.003089999999999999
TAF2	23.0	0.011802	1140.5	0.009207	1117.5	0.002595	0.9619419642857143	0.9758928571428571	0.938752291932398	147	1117.5	-0.002595
CDK1	927.0	0.032177	3906.0	0.030464	2979.0	0.0017129999999999958	0.9875	0.9504464285714286	0.9385658482142858	148	2979.0	-0.0017129999999999958
XRN1	96.0	0.015495	1411.0	0.013244	1315.0	0.0022509999999999995	0.9681919642857143	0.9693638392857142	0.9385302796655771	149	1315.0	-0.0022509999999999995
ATF2	207.5	0.012119	3410.0	0.010456	3202.5	0.0016629999999999995	0.9887276785714286	0.9485491071428571	0.9378567567163585	150	3202.5	-0.0016629999999999995
HNRNPR	94.0	0.039243	734.5	0.034403	640.5	0.004839999999999997	0.9428013392857143	0.9944196428571429	0.937540171097736	151	640.5	-0.004839999999999997
BRD4	3234.166667	0.071688	1838.0	0.06955	1396.166667	0.002138000000000001	0.9699776785714286	0.9665178571428571	0.9375007473692601	152	-1396.166667	-0.002138000000000001
BET1	1079.0	0.011958	14.5	0.014559	1064.5	0.002601000000000001	0.9603794642857143	0.9761160714285714	0.9374418297592474	153	-1064.5	0.002601000000000001
FANCI	6542.5	0.013206	72.5	0.014713	6470.0	0.0015069999999999997	0.9966517857142857	0.93984375	0.9366969517299106	154	-6470.0	0.0015069999999999997
SF3B1	231.0	0.038659	803.833333	0.032115	572.833333	0.006544000000000001	0.9377232142857143	0.9983258928571429	0.9361533651546556	155	572.833333	-0.006544000000000001
LARP1	386.0	0.036354	1433.833333	0.033801	1047.833333	0.0025529999999999997	0.9594866071428572	0.9753348214285714	0.9358206986407844	156	1047.833333	-0.0025529999999999997
PRKCA	1955.0	0.012113	643.0	0.014214	1312.0	0.0021009999999999987	0.9680803571428571	0.9651227678571429	0.9343163937938457	157	-1312.0	0.0021009999999999987
ARF1	953.833333	0.013338	5.0	0.01584	948.833333	0.0025020000000000008	0.9572544642857143	0.9743303571428571	0.9326820840640944	158	-948.833333	0.0025020000000000008
THOC2	115.0	0.019317	726.0	0.015373	611.0	0.003944000000000001	0.9411830357142857	0.9908482142857142	0.9325695302535076	159	611.0	-0.003944000000000001
HIST1H2BK	816.5	0.01715	74.0	0.020178	742.5	0.003028000000000003	0.9485491071428571	0.9830357142857142	0.9324576490752551	160	-742.5	0.003028000000000003
EPHA7	2614.0	0.007312	42.0	0.008939	2572.0	0.0016270000000000008	0.9848214285714286	0.9465401785714286	0.9321730508609695	161	-2572.0	0.0016270000000000008
FAM50A	159.5	0.010735	1020.5	0.008135	861.0	0.0026	0.9544642857142858	0.9760044642857143	0.9315614038584185	162	861.0	-0.0026
CCT3	1501.666667	0.032962	393.5	0.035174	1108.166667	0.0022119999999999987	0.9616071428571429	0.9684151785714286	0.9312349529655612	163	-1108.166667	0.0022119999999999987
CAPRIN1	127.5	0.035814	629.0	0.029202	501.5	0.006612	0.9325892857142857	0.9984375	0.9311321149553571	164	501.5	-0.006612
MAP4	599.0	0.023719	0.0	0.027641	599.0	0.003921999999999998	0.93984375	0.990625	0.9310327148437499	165	-599.0	0.003921999999999998
SLC9A3R1	1362.166667	0.008349	10.0	0.010304	1352.166667	0.001955	0.9688616071428572	0.9608816964285715	0.9309613846759408	166	-1352.166667	0.001955
SYVN1	1669.0	0.010563	421.0	0.012609	1248.0	0.002046000000000001	0.9659598214285714	0.9637276785714286	0.9309222162986288	167	-1248.0	0.002046000000000001
MRPS26	167.5	0.018779	1100.0	0.016334	932.5	0.0024449999999999993	0.9565848214285714	0.9731026785714286	0.9308552520129145	168	932.5	-0.0024449999999999993
SLC39A7	2533.0	0.011471	312.0	0.013117	2221.0	0.001646	0.9811383928571429	0.9478794642857142	0.9300009342115753	169	-2221.0	0.001646
CLINT1	64.0	0.016109	921.5	0.013603	857.5	0.002505999999999998	0.9542410714285714	0.9744419642857143	0.9298525440449616	170	857.5	-0.002505999999999998
TOP2A	4322.0	0.03513	3497.333333	0.032548	824.666667	0.002582000000000001	0.9522321428571429	0.97578125	0.9291702706473215	171	-824.666667	-0.002582000000000001
UBE2M	3012.833333	0.035026	7124.5	0.033567	4111.6666669999995	0.001459000000000002	0.9925223214285714	0.9361607142857142	0.9291604053730868	172	4111.6666669999995	-0.001459000000000002
IPO7	190.5	0.022639	941.0	0.019838	750.5	0.002800999999999998	0.9489397321428571	0.9791294642857142	0.9291348515724648	173	750.5	-0.002800999999999998
TRAF6	1408.5	0.015099	5349.5	0.013631	3941.0	0.0014679999999999988	0.9915178571428571	0.93671875	0.9287733677455358	174	3941.0	-0.0014679999999999988
SPPL3	6093.5	0.01296	3071.0	0.014471	3022.5	0.0015110000000000002	0.9878348214285714	0.9399553571428572	0.9285206323740434	175	-3022.5	0.0015110000000000002
NDRG1	1000.5	0.023422	2.0	0.025637	998.5	0.0022150000000000017	0.9585379464285714	0.9685267857142857	0.9283696762396365	176	-998.5	0.0022150000000000017
ESR1	5407.5	0.097469	5880.0	0.090273	472.5	0.007195999999999994	0.9286830357142857	0.9988839285714286	0.9276465591119261	177	472.5	-0.007195999999999994
SNRPC	3179.0	0.021332	2341.333333	0.018916	837.666667	0.0024160000000000015	0.9535714285714286	0.9727678571428572	0.9276036352040817	178	-837.666667	-0.0024160000000000015
ZC3HAV1	1221.5	0.039346	63.0	0.037343	1158.5	0.002002999999999998	0.9633928571428572	0.9625	0.9272656250000001	179	-1158.5	-0.002002999999999998
EIF3F	171.5	0.025111	1271.0	0.02302	1099.5	0.0020910000000000026	0.9611607142857143	0.9647321428571428	0.9272626355229591	180	1099.5	-0.0020910000000000026
ITGA4	3900.5	0.030504	1600.5	0.028924	2300.0	0.0015800000000000015	0.9821428571428571	0.9436383928571429	0.9267877072704082	181	-2300.0	-0.0015800000000000015
SEC24A	151.0	0.012839	1582.0	0.011061	1431.0	0.001778	0.9706473214285715	0.9544642857142858	0.9264482023278062	182	1431.0	-0.001778
CISD2	3765.0	0.009155	279.5	0.010583	3485.5	0.0014280000000000004	0.9901785714285715	0.9348214285714286	0.9256401466836736	183	-3485.5	0.0014280000000000004
RNF10	793.333333	0.017145	25.0	0.019654	768.333333	0.002509000000000001	0.9497767857142857	0.9745535714285715	0.9256083585778061	184	-768.333333	0.002509000000000001
AURKAIP1	3569.0	0.01032	13944.833333	0.009015	10375.833333	0.0013049999999999989	0.9984375	0.9267857142857143	0.9253376116071429	185	10375.833333	-0.0013049999999999989
PFDN5	951.5	0.01005	3970.5	0.008584	3019.0	0.0014660000000000003	0.9877232142857143	0.9366071428571429	0.9251086176658163	186	3019.0	-0.0014660000000000003
HIF1A	2180.0	0.019591	925.0	0.01774	1255.0	0.001851000000000002	0.9660714285714286	0.9572544642857143	0.9247761878188775	187	-1255.0	-0.001851000000000002
ENO2	4109.0	0.006961	186.0	0.008354	3923.0	0.0013930000000000001	0.9912946428571429	0.9326450892857143	0.9245260806959503	188	-3923.0	0.0013930000000000001
MKI67	2000.5	0.036385	871.0	0.034455	1129.5	0.0019300000000000012	0.9625	0.9603794642857143	0.9243652343750001	189	-1129.5	-0.0019300000000000012
STK4	5984.666667	0.054117	6447.5	0.049165	462.8333329999996	0.004951999999999998	0.9276785714285715	0.9949776785714286	0.9230194714604593	190	462.8333329999996	-0.004951999999999998
ERP44	1417.5	0.01132	35.0	0.013054	1382.5	0.0017339999999999994	0.96953125	0.951953125	0.9229483032226562	191	-1382.5	0.0017339999999999994
HIST1H1E	589.5	0.034581	133.0	0.039901	456.5	0.005319999999999998	0.9267299107142857	0.9956473214285714	0.9226961532904177	192	-456.5	0.005319999999999998
TRIM21	1120.0	0.034823	320.0	0.037147	800.0	0.0023239999999999997	0.9506696428571428	0.9702008928571428	0.922340536312181	193	-800.0	0.0023239999999999997
NAA10	346.5	0.009948	1347.5	0.007974	1001.0	0.001974	0.9589285714285715	0.9617745535714286	0.9222730986926021	194	1001.0	-0.001974
EIF6	771.5	0.023723	2739.5	0.022181	1968.0	0.0015420000000000017	0.9782366071428571	0.9418526785714286	0.9213547687141262	195	1968.0	-0.0015420000000000017
PC	821.5	0.01604	7.0	0.018242	814.5	0.0022020000000000026	0.9514508928571429	0.9677455357142857	0.9207623540138712	196	-814.5	0.0022020000000000026
NUP160	1383.0	0.013049	3047.0	0.011447	1664.0	0.0016019999999999993	0.9739955357142858	0.9449776785714286	0.9204040402782206	197	1664.0	-0.0016019999999999993
PDHA1	3627.5	0.035522	368.5	0.036884	3259.0	0.001362000000000002	0.9889508928571429	0.9301339285714286	0.9198567791374364	198	-3259.0	0.001362000000000002
PTBP1	561.5	0.030517	69.5	0.033924	492.0	0.0034070000000000038	0.9314174107142857	0.9868303571428572	0.9191509760642539	199	-492.0	0.0034070000000000038
NUP93	487.0	0.020895	0.0	0.024363	487.0	0.003467999999999999	0.9307477678571429	0.9873883928571429	0.9190095426598374	200	-487.0	0.003467999999999999
ATRX	660.5	0.014573	1918.333333	0.012853	1257.833333	0.0017199999999999993	0.9661830357142858	0.9510044642857143	0.9188443802814095	201	1257.833333	-0.0017199999999999993
ACTR2	581.5	0.022011	1175.5	0.019283	594.0	0.002727999999999998	0.9395647321428572	0.9779017857142858	0.9188020293566647	202	594.0	-0.002727999999999998
PAFAH1B1	805.0	0.011781	60.0	0.01399	745.0	0.002209000000000001	0.9486607142857143	0.9680245535714286	0.9183268644371811	203	-745.0	0.002209000000000001
UBA52	1664.5	0.018581	13869.333333	0.017352	12204.833333	0.001229000000000001	0.9986607142857142	0.9193638392857143	0.9181325484295281	204	12204.833333	-0.001229000000000001
YY1	191.0	0.021466	862.0	0.019054	671.0	0.0024119999999999975	0.9438616071428572	0.9724330357142857	0.9178422079280931	205	671.0	-0.0024119999999999975
PSMB1	2375.5	0.014771	487.0	0.016267	1888.5	0.0014960000000000008	0.9772321428571429	0.9383928571428571	0.9170276626275511	206	-1888.5	0.0014960000000000008
GSK3A	465.0	0.019452	22.0	0.023391	443.0	0.003938999999999998	0.9251116071428571	0.9907366071428572	0.91654193488919	207	-443.0	0.003938999999999998
RPL18	7012.166667	0.031048	3477.166667	0.029769	3535.0000000000005	0.0012789999999999989	0.9902901785714285	0.9247209821428571	0.9157421065349968	208	-3535.0000000000005	-0.0012789999999999989
HSPA1B	469.0	0.017213	5.0	0.020614	464.0	0.0034010000000000012	0.9277901785714285	0.9866629464285714	0.9154161912567761	209	-464.0	0.0034010000000000012
TUBG1	506.5	0.022188	18.0	0.025226	488.5	0.003037999999999999	0.9309151785714286	0.9831473214285714	0.9152267642897003	210	-488.5	0.003037999999999999
IPO5	726.0	0.028866	30.0	0.031028	696.0	0.0021620000000000007	0.9459263392857142	0.9669642857142857	0.9146769870057397	211	-696.0	0.0021620000000000007
CHCHD3	825.0	0.016321	17.0	0.018289	808.0	0.001968000000000001	0.9509486607142857	0.9614955357142857	0.9143328919702647	212	-808.0	0.001968000000000001
CDK9	2615.0	0.043946	465.5	0.042558	2149.5	0.0013880000000000003	0.98046875	0.9321428571428572	0.9139369419642858	213	-2149.5	-0.0013880000000000003
CCT2	1099.0	0.035472	558.0	0.038155	541.0	0.002683000000000005	0.9354352678571428	0.9770089285714286	0.9139286087970344	214	-541.0	0.002683000000000005
ANLN	10672.5	0.082987	9458.0	0.081353	1214.5	0.0016340000000000104	0.9649553571428572	0.9470982142857143	0.9139074956154337	215	-1214.5	-0.0016340000000000104
TRMT1	177.0	0.009699	1478.0	0.008112	1301.0	0.0015869999999999999	0.9676339285714286	0.9438616071428572	0.9133125149473853	216	1301.0	-0.0015869999999999999
MYCN	277.0	0.072344	661.5	0.067035	384.5	0.005309000000000008	0.9173549107142858	0.9955357142857143	0.9132595762914542	217	384.5	-0.005309000000000008
RPS16	5379.066667	0.040691	6108.5	0.038646	729.433333	0.002044999999999998	0.9475446428571429	0.9636160714285714	0.9130692462531889	218	729.433333	-0.002044999999999998
PUM1	200.0	0.015594	742.0	0.013025	542.0	0.002569	0.9357142857142857	0.9756696428571429	0.9129480229591836	219	542.0	-0.002569
FBXO6	1001.0	0.025895	608.5	0.030516	392.5	0.004621	0.9185267857142857	0.9933035714285714	0.912375936702806	220	-392.5	0.004621
RPL37A	3761.166667	0.021778	1216.5	0.020474	2544.666667	0.0013039999999999996	0.9844866071428572	0.9265625	0.9121883719308036	221	-2544.666667	-0.0013039999999999996
HSPB1	2463.0	0.039786	3772.5	0.038232	1309.5	0.0015539999999999998	0.9678571428571429	0.9424665178571429	0.9121729512117347	222	1309.5	-0.0015539999999999998
STAT3	5463.5	0.025219	1806.833333	0.023976	3656.666667	0.0012429999999999976	0.990625	0.9207589285714286	0.9121268136160714	223	-3656.666667	-0.0012429999999999976
PPIA	6163.166667	0.036964	3450.0	0.035683	2713.1666670000004	0.0012809999999999974	0.9860491071428571	0.925	0.9120954241071428	224	-2713.1666670000004	-0.0012809999999999974
N4BP2	58.5	0.005146	961.0	0.003369	902.5	0.0017770000000000004	0.9556919642857142	0.9543526785714286	0.9120671860052615	225	902.5	-0.0017770000000000004
UBA1	503.0	0.025219	80.0	0.028903	423.0	0.0036840000000000032	0.9221540178571429	0.9889508928571429	0.9119650393116232	226	-423.0	0.0036840000000000032
HIST1H2BD	1176.0	0.016305	304.5	0.018089	871.5	0.0017840000000000009	0.9547991071428571	0.9547991071428571	0.9116413350007971	227	-871.5	0.0017840000000000009
PPP2R2D	1183.0	0.004715	93.0	0.006374	1090.0	0.0016590000000000008	0.9608258928571428	0.9484375	0.9112833077566964	228	-1090.0	0.0016590000000000008
RPL36	2001.666667	0.030258	3340.5	0.028734	1338.833333	0.001524000000000001	0.96875	0.940625	0.91123046875	229	1338.833333	-0.001524000000000001
DVL2	1712.5	0.023135	292.0	0.024633	1420.5	0.0014979999999999993	0.9702008928571428	0.9387276785714286	0.910754431899713	230	-1420.5	0.0014979999999999993
SAP18	2289.5	0.029317	73.0	0.030639	2216.5	0.0013220000000000003	0.9810267857142857	0.9281808035714286	0.9105702302893814	231	-2216.5	0.0013220000000000003
CALR	2216.333333	0.021386	892.5	0.022892	1323.833333	0.0015060000000000004	0.9686383928571428	0.9396205357142857	0.9101525256098533	232	-1323.833333	0.0015060000000000004
IGBP1	5807.666667	0.007076	510.0	0.008247	5297.666667	0.001171000000000001	0.9948660714285714	0.91484375	0.9101470075334821	233	-5297.666667	0.001171000000000001
NHLRC2	6792.0	0.014575	4978.666667	0.013181	1813.3333329999996	0.0013939999999999994	0.9756696428571429	0.9328125	0.9101168387276786	234	-1813.3333329999996	-0.0013939999999999994
NUDCD2	1039.5	0.020817	445.5	0.023035	594.0	0.0022180000000000012	0.9395647321428572	0.9686383928571428	0.910098472128109	235	-594.0	0.0022180000000000012
HDAC1	1334.75	0.050236	944.0	0.054237	390.75	0.004000999999999998	0.9181919642857143	0.9911830357142857	0.9100962985291773	236	-390.75	0.004000999999999998
KRR1	264.0	0.026046	702.5	0.022899	438.5	0.0031470000000000005	0.924609375	0.9842633928571428	0.9100591605050222	237	438.5	-0.0031470000000000005
CREB1	598.0	0.010992	2477.0	0.009608	1879.0	0.0013839999999999998	0.9770089285714286	0.9314732142857143	0.9100576470822704	238	1879.0	-0.0013839999999999998
LMNB1	63.5	0.041326	539.0	0.038553	475.5	0.0027730000000000046	0.9290736607142858	0.97890625	0.9094760131835938	239	475.5	-0.0027730000000000046
RPL31	259.0	0.036429	882.5	0.034347	623.5	0.0020820000000000005	0.9422433035714286	0.9646205357142857	0.9089072402642698	240	623.5	-0.0020820000000000005
NDUFS1	473.0	0.020263	1024.0	0.017913	551.0	0.0023500000000000014	0.9361607142857142	0.9707589285714285	0.9087863719706631	241	551.0	-0.0023500000000000014
ADAR	30.0	0.02359	455.5	0.020431	425.5	0.0031589999999999986	0.9227120535714286	0.9844866071428572	0.9083976589903541	242	425.5	-0.0031589999999999986
STIP1	839.0	0.053887	496.0	0.060281	343.0	0.006394000000000004	0.9098214285714286	0.9982142857142857	0.9081967474489796	243	-343.0	0.006394000000000004
ANAPC1	249.0	0.010318	1304.333333	0.008696	1055.333333	0.0016220000000000002	0.9598214285714286	0.9462053571428571	0.908188177614796	244	1055.333333	-0.0016220000000000002
MRPS34	3855.5	0.018155	6692.833333	0.016915	2837.3333329999996	0.0012400000000000015	0.9864955357142857	0.9205357142857142	0.9081043726084184	245	2837.3333329999996	-0.0012400000000000015
CDK18	1935.0	0.007408	40.0	0.008739	1895.0	0.0013310000000000006	0.97734375	0.9286830357142857	0.9076425606863838	246	-1895.0	0.0013310000000000006
HIST1H2BJ	589.0	0.012941	19.0	0.01515	570.0	0.002209000000000001	0.9375558035714285	0.9680245535714286	0.9075770382005341	247	-570.0	0.002209000000000001
C7orf50	32.0	0.018027	635.5	0.015929	603.5	0.0020980000000000026	0.9405133928571429	0.96484375	0.9074484688895089	248	603.5	-0.0020980000000000026
IGSF8	639.0	0.010538	116.0	0.01291	523.0	0.002371999999999999	0.9341517857142857	0.97109375	0.9071489606584822	249	-523.0	0.002371999999999999
CCT4	629.5	0.034039	56.0	0.036171	573.5	0.002132000000000002	0.9380022321428572	0.96640625	0.9064912196568081	250	-573.5	0.002132000000000002
PFN1	511.5	0.027133	926.0	0.024008	414.5	0.0031249999999999993	0.9206473214285714	0.9841517857142857	0.9060567053970026	251	414.5	-0.0031249999999999993
RPL27A	4733.666667	0.028929	3807.5	0.027299	926.1666670000004	0.0016299999999999995	0.9564732142857143	0.9467633928571428	0.9055538255341199	252	-926.1666670000004	-0.0016299999999999995
CYLD	2256.0	0.034758	1378.5	0.036414	877.5	0.0016560000000000047	0.9549107142857143	0.9482142857142857	0.9054599808673469	253	-877.5	0.0016560000000000047
RC3H2	3490.5	0.029699	4414.0	0.028072	923.5	0.001627	0.9563616071428571	0.9464285714285714	0.9051279496173469	254	923.5	-0.001627
PAXIP1	93.5	0.014599	634.5	0.012406	541.0	0.0021930000000000005	0.9354352678571428	0.9675223214285714	0.9050545019033003	255	541.0	-0.0021930000000000005
UBC	2838.5	0.067029	3181.5	0.062145	343.0	0.004884000000000006	0.9098214285714286	0.9946428571428572	0.9049473852040817	256	343.0	-0.004884000000000006
DHCR24	1879.5	0.00972	0.0	0.011018	1879.5	0.0012980000000000005	0.9771205357142857	0.9260044642857143	0.9048179782166772	257	-1879.5	0.0012980000000000005
RANBP9	55.0	0.026489	499.833333	0.023771	444.833333	0.002717999999999998	0.9252232142857143	0.9776785714285714	0.9045709103954082	258	444.833333	-0.002717999999999998
CLTB	50.5	0.009354	1435.5	0.007962	1385.0	0.0013919999999999991	0.9696428571428571	0.9324776785714286	0.9041703204719388	259	1385.0	-0.0013919999999999991
CLPP	2207.333333	0.015145	4450.666667	0.013908	2243.3333340000004	0.0012370000000000003	0.9816964285714286	0.9199776785714285	0.903138801419005	260	2243.3333340000004	-0.0012370000000000003
PRKACA	581.0	0.021822	153.5	0.024551	427.5	0.002728999999999999	0.9229910714285714	0.9780133928571428	0.9026976293447065	261	-427.5	0.002728999999999999
TIMM50	603.5	0.017971	1224.5	0.016097	621.0	0.0018740000000000007	0.9419084821428572	0.9581473214285714	0.9024870891960299	262	621.0	-0.0018740000000000007
LGALS3BP	176.0	0.020191	1806.0	0.021507	1630.0	0.0013159999999999977	0.9731026785714286	0.92734375	0.9024006870814733	263	1630.0	0.0013159999999999977
RC3H1	343.833333	0.036534	693.0	0.032653	349.166667	0.0038809999999999956	0.9114955357142858	0.9899553571428571	0.9023398885921556	264	349.166667	-0.0038809999999999956
TRIM28	10690.0	0.062927	10350.833333	0.058405	339.1666669999995	0.004521999999999998	0.9088169642857142	0.9928571428571429	0.9023254145408163	265	-339.1666669999995	-0.004521999999999998
ALDH18A1	6688.5	0.017297	169.5	0.01838	6519.0	0.0010830000000000006	0.9967633928571429	0.9049107142857142	0.9019818738042091	266	-6519.0	0.0010830000000000006
RPLP1	2022.166667	0.022274	1270.5	0.020564	751.666667	0.0017099999999999997	0.9491071428571428	0.9503348214285714	0.9019695671237244	267	-751.666667	-0.0017099999999999997
PIN1	610.5	0.013965	2591.0	0.012718	1980.5	0.0012469999999999998	0.9785714285714285	0.9214285714285714	0.9016836734693877	268	1980.5	-0.0012469999999999998
PIK3C2A	31.0	0.013582	611.0	0.011651	580.0	0.0019310000000000004	0.9386160714285714	0.9604910714285714	0.9015323561065051	269	580.0	-0.0019310000000000004
MGA	4198.5	0.011486	5408.833333	0.010073	1210.3333329999996	0.0014129999999999993	0.9646205357142857	0.934375	0.9013173130580358	270	1210.3333329999996	-0.0014129999999999993
BRD3	166.0	0.020756	789.5	0.018922	623.5	0.0018339999999999988	0.9422433035714286	0.9564174107142858	0.9011779006646605	271	623.5	-0.0018339999999999988
TP53BP1	1677.0	0.022496	605.666667	0.021008	1071.333333	0.0014879999999999997	0.9604910714285714	0.9381696428571429	0.9011035654496173	272	-1071.333333	-0.0014879999999999997
TXLNG	95.0	0.006724	2493.0	0.005542	2398.0	0.0011819999999999999	0.9829241071428572	0.9160714285714285	0.900428691007653	273	2398.0	-0.0011819999999999999
KARS	380.5	0.025006	10.0	0.028096	370.5	0.003089999999999999	0.9150669642857143	0.9835379464285714	0.9000030828981983	274	-370.5	0.003089999999999999
DNAJB11	424.0	0.01599	32.0	0.018811	392.0	0.0028210000000000006	0.9183035714285714	0.9794642857142857	0.8994455516581632	275	-392.0	0.0028210000000000006
PDIA4	1246.0	0.021851	746.5	0.023916	499.5	0.002065000000000001	0.9322544642857142	0.9645089285714286	0.8991677545041453	276	-499.5	0.002065000000000001
SLC7A5	1439.0	0.015919	53.0	0.017225	1386.0	0.0013060000000000016	0.9697544642857143	0.9270089285714286	0.8989710469148597	277	-1386.0	0.0013060000000000016
PCBP2	357.0	0.02566	45.0	0.030334	312.0	0.004674000000000001	0.9044642857142857	0.9938616071428571	0.8989123286033163	278	-312.0	0.004674000000000001
C1QBP	719.0	0.036915	265.5	0.039231	453.5	0.0023159999999999986	0.9264508928571429	0.9700892857142858	0.898740084901148	279	-453.5	0.0023159999999999986
ZRANB1	48725.833333	0.115909	29216.166667	0.116935	19509.666666	0.0010259999999999991	0.99921875	0.8991071428571429	0.8984047154017858	280	-19509.666666	0.0010259999999999991
RPS20	1370.633333	0.035324	635.0	0.033695	735.633333	0.0016289999999999985	0.9482142857142857	0.9466517857142858	0.8976287468112245	281	-735.633333	-0.0016289999999999985
POLR2L	203.0	0.007344	1186.5	0.005885	983.5	0.0014590000000000002	0.9583705357142858	0.9360491071428572	0.8970818842673789	282	983.5	-0.0014590000000000002
POLR2I	112.5	0.005512	980.0	0.004007	867.5	0.0015050000000000003	0.9546875	0.9393973214285715	0.8968308803013394	283	867.5	-0.0015050000000000003
CDC5L	990.0	0.047024	503.5	0.049074	486.5	0.0020499999999999963	0.93046875	0.9638392857142857	0.8968223353794642	284	-486.5	0.0020499999999999963
CTNND1	32.0	0.020077	480.5	0.017869	448.5	0.0022080000000000016	0.9257254464285715	0.9678571428571429	0.8959699856505102	285	448.5	-0.0022080000000000016
ARFGEF2	103.5	0.007318	946.0	0.005818	842.5	0.0014999999999999996	0.9536830357142857	0.9389508928571428	0.895461537886639	286	842.5	-0.0014999999999999996
B3GNT2	668.666667	0.028711	86.5	0.026951	582.166667	0.0017600000000000011	0.9388392857142858	0.9533482142857143	0.8950407565369898	287	-582.166667	-0.0017600000000000011
BAG3	1931.0	0.023778	1290.5	0.025468	640.5	0.0016900000000000005	0.9428013392857143	0.94921875	0.8949247087751117	288	-640.5	0.0016900000000000005
CALM3	8105.0	0.01242	131.0	0.013424	7974.0	0.0010039999999999997	0.9981026785714285	0.8965401785714285	0.8948391536790496	289	-7974.0	0.0010039999999999997
SH3KBP1	1072.0	0.012479	286.5	0.014014	785.5	0.001535	0.9504464285714286	0.9412946428571428	0.8946501315369898	290	-785.5	0.001535
MAPK14	3403.0	0.012695	607.5	0.013795	2795.5	0.0011000000000000003	0.9862723214285715	0.9069754464285714	0.8945247790278221	291	-2795.5	0.0011000000000000003
BICD2	1405.0	0.016095	181.5	0.0174	1223.5	0.0013049999999999971	0.9652901785714286	0.9266741071428571	0.8945094143614477	292	-1223.5	0.0013049999999999971
RPL7A	5782.666667	0.035351	930.0	0.036376	4852.666667	0.0010249999999999981	0.9941964285714285	0.8988839285714286	0.8936671914859694	293	-4852.666667	0.0010249999999999981
ARHGAP1	485.0	0.012168	6.0	0.014125	479.0	0.0019570000000000004	0.9295758928571428	0.9610491071428572	0.8933680818518813	294	-479.0	0.0019570000000000004
GIGYF2	143.5	0.017835	721.0	0.016101	577.5	0.0017339999999999994	0.9383928571428571	0.951953125	0.8933060128348214	295	577.5	-0.0017339999999999994
EIF4E2	248.0	0.013805	987.0	0.012264	739.0	0.001540999999999999	0.9484375	0.9417410714285714	0.8931825474330358	296	739.0	-0.001540999999999999
FLII	325.5	0.021411	2.0	0.024709	323.5	0.003297999999999999	0.9059151785714286	0.9857142857142858	0.8929735331632653	297	-323.5	0.003297999999999999
MAGED2	780.5	0.020869	23.0	0.02239	757.5	0.0015210000000000015	0.94921875	0.9405133928571429	0.8927529471261161	298	-757.5	0.0015210000000000015
STRN	79.0	0.009522	2303.833333	0.008398	2224.833333	0.001124	0.98125	0.9095424107142858	0.8924884905133929	299	2224.833333	-0.001124
ARIH1	1508.0	0.012561	2108.5	0.01087	600.5	0.0016909999999999998	0.9400669642857142	0.9493303571428572	0.8924341069435586	300	600.5	-0.0016909999999999998
SHANK3	1048.5	0.010996	490.0	0.01274	558.5	0.001743999999999999	0.9368303571428571	0.95234375	0.8921845354352679	301	-558.5	0.001743999999999999
DBN1	487.0	0.021719	144.0	0.02459	343.0	0.002871000000000002	0.9098214285714286	0.9802455357142857	0.8918483936543368	302	-343.0	0.002871000000000002
ATP5A1	375.5	0.039174	27.0	0.041938	348.5	0.0027640000000000026	0.9112723214285714	0.9785714285714285	0.8917450573979592	303	-348.5	0.0027640000000000026
TFG	714.0	0.015146	26.0	0.016705	688.0	0.0015590000000000014	0.9454241071428572	0.9428571428571428	0.8913998724489796	304	-688.0	0.0015590000000000014
HDGF	531.333333	0.020693	44.5	0.022558	486.83333300000004	0.001865000000000002	0.9305803571428571	0.9577008928571429	0.8912176389110332	305	-486.83333300000004	0.001865000000000002
AQR	16.0	0.015264	343.0	0.012256	327.0	0.0030080000000000003	0.9066964285714286	0.9828125	0.8911125837053572	306	327.0	-0.0030080000000000003
PRKAA1	336.0	0.013877	957.0	0.012271	621.0	0.0016059999999999998	0.9419084821428572	0.9453125	0.8903978620256696	307	621.0	-0.0016059999999999998
MYO1C	1589.5	0.022438	65.0	0.023621	1524.5	0.001183	0.9717633928571429	0.9161830357142857	0.8903131352638712	308	-1524.5	0.001183
ATP2A2	524.5	0.023477	1024.833333	0.021695	500.33333300000004	0.0017820000000000023	0.9324776785714286	0.9546875	0.8902247837611608	309	500.33333300000004	-0.0017820000000000023
MRPL18	888.0	0.006817	0.0	0.008204	888.0	0.0013869999999999993	0.9553571428571429	0.9317522321428572	0.8901561503507653	310	-888.0	0.0013869999999999993
KDM3B	248.5	0.00997	1389.0	0.008698	1140.5	0.0012720000000000006	0.9627232142857143	0.9238839285714285	0.8894445053411989	311	1140.5	-0.0012720000000000006
CDK7	324.0	0.024123	63.0	0.028852	261.0	0.0047290000000000006	0.8943638392857143	0.9941964285714285	0.8891733348612882	312	-261.0	0.0047290000000000006
SNRPA	2648.0	0.030565	2347.0	0.027277	301.0	0.0032879999999999993	0.9018415178571428	0.9856026785714286	0.8888574156469228	313	-301.0	-0.0032879999999999993
FGFR4	551.5	0.011471	21.5	0.013184	530.0	0.0017129999999999992	0.9347098214285714	0.9505580357142858	0.8884959318199936	314	-530.0	0.0017129999999999992
MIF	202.5	0.019631	539.0	0.016889	336.5	0.002741999999999998	0.9079799107142857	0.9782366071428571	0.8882191872110172	315	336.5	-0.002741999999999998
INO80B	34.5	0.009306	464.5	0.007332	430.0	0.001974	0.9234933035714286	0.9617745535714286	0.8881923597686145	316	430.0	-0.001974
CUL7	831.75	0.046089	571.0	0.050641	260.75	0.0045520000000000005	0.8941964285714286	0.99296875	0.8879091099330356	317	-260.75	0.0045520000000000005
SSB	258.0	0.036772	15.0	0.042893	243.0	0.0061210000000000014	0.8896205357142857	0.9978794642857143	0.8877340635961415	318	-243.0	0.0061210000000000014
EEF2	8936.0	0.041446	9386.5	0.043323	450.5	0.0018770000000000037	0.9260044642857143	0.9582589285714286	0.8873520457987882	319	450.5	0.0018770000000000037
ADD1	932.5	0.011634	21.0	0.012956	911.5	0.0013220000000000003	0.9559151785714286	0.9281808035714286	0.8872621185925543	320	-911.5	0.0013220000000000003
DNAJA2	269.0	0.031034	9.0	0.035263	260.0	0.004229000000000004	0.8939732142857143	0.9921875	0.8869890485491072	321	-260.0	0.004229000000000004
ANKRD13A	678.0	0.004255	32.0	0.005772	646.0	0.0015170000000000001	0.9430803571428571	0.9404017857142857	0.8868744519292091	322	-646.0	0.0015170000000000001
RCOR1	75.5	0.021309	386.0	0.018423	310.5	0.002886000000000003	0.9040736607142857	0.9808035714285714	0.886718675263074	323	310.5	-0.002886000000000003
HIST1H2BC	368.5	0.014036	14.0	0.016429	354.5	0.0023929999999999993	0.9126674107142857	0.9714285714285714	0.8865911989795918	324	-354.5	0.0023929999999999993
LSM7	179.0	0.007502	2224.5	0.006417	2045.5	0.001085	0.9793526785714286	0.9051897321428571	0.8864999887894611	325	2045.5	-0.001085
REL	1551.0	0.007958	6963.333333	0.00701	5412.333333	0.0009480000000000001	0.9949776785714286	0.8906808035714285	0.8862075182856346	326	5412.333333	-0.0009480000000000001
NCAPH2	124.0	0.004936	2466.5	0.003879	2342.5	0.0010570000000000002	0.9824776785714285	0.9016741071428571	0.8858746836136798	327	2342.5	-0.0010570000000000002
XIAP	93.0	0.011472	700.5	0.009932	607.5	0.0015399999999999997	0.9407366071428571	0.9415178571428572	0.8857203144929847	328	607.5	-0.0015399999999999997
CD81	518.0	0.01623	1027.166667	0.014563	509.16666699999996	0.0016670000000000018	0.9334821428571428	0.9487723214285714	0.8856620196906887	329	509.16666699999996	-0.0016670000000000018
SAR1B	952.833333	0.014765	245.0	0.016216	707.833333	0.001451000000000001	0.9466517857142858	0.9354910714285715	0.8855842932876277	330	-707.833333	0.001451000000000001
RECQL4	1364.5	0.072851	324.0	0.07159	1040.5	0.0012609999999999982	0.959375	0.9225446428571429	0.8850662667410715	331	-1040.5	-0.0012609999999999982
UBR5	6585.833333	0.025181	5094.0	0.02404	1491.8333329999996	0.0011409999999999997	0.9713169642857142	0.9111607142857143	0.8850258589764031	332	-1491.8333329999996	-0.0011409999999999997
CHD8	1023.166667	0.018271	2246.833333	0.017081	1223.666666	0.00119	0.9654017857142857	0.9166294642857142	0.8849157216597576	333	1223.666666	-0.00119
SSRP1	383.5	0.041505	64.0	0.044164	319.5	0.0026590000000000016	0.9056919642857143	0.9767857142857143	0.884666972257653	334	-319.5	0.0026590000000000016
PSMB3	1389.5	0.011036	3840.5	0.010012	2451.0	0.0010240000000000006	0.9834821428571429	0.8987723214285714	0.8839265286192602	335	2451.0	-0.0010240000000000006
PPP1CA	8817.333333	0.032967	5351.5	0.032004	3465.8333330000005	0.0009630000000000055	0.9900669642857143	0.8926339285714285	0.8837673638791453	336	-3465.8333330000005	-0.0009630000000000055
RRP1	56.5	0.014713	406.0	0.012462	349.5	0.0022509999999999995	0.9116629464285714	0.9693638392857142	0.8837330938845264	337	349.5	-0.0022509999999999995
PRPF6	778.5	0.027712	384.166667	0.025749	394.333333	0.0019629999999999995	0.9189732142857143	0.9611607142857143	0.883280951052296	338	-394.333333	-0.0019629999999999995
DNM1L	581.0	0.020654	103.0	0.022361	478.0	0.0017070000000000002	0.9294642857142857	0.9500558035714286	0.8830429388552297	339	-478.0	0.0017070000000000002
XPOT	65.0	0.017441	403.0	0.015043	338.0	0.002398000000000001	0.9085379464285714	0.9717633928571429	0.8828839173608897	340	338.0	-0.002398000000000001
ADRM1	1583.0	0.017886	2213.0	0.016422	630.0	0.001464	0.9424107142857143	0.9364397321428571	0.882510836854273	341	630.0	-0.001464
QKI	1341.5	0.008242	43.0	0.009389	1298.5	0.0011470000000000004	0.9674107142857142	0.9121651785714285	0.8824383669483418	342	-1298.5	0.0011470000000000004
APEX1	5545.666667	0.038659	4658.833333	0.039921	886.8333340000008	0.0012619999999999992	0.9552455357142857	0.9228236607142857	0.8815231821488361	343	-886.8333340000008	0.0012619999999999992
WDR1	1984.0	0.014308	442.0	0.015408	1542.0	0.0011000000000000003	0.971875	0.9069754464285714	0.8814667619977679	344	-1542.0	0.0011000000000000003
CDC73	751.5	0.029823	434.5	0.027359	317.0	0.0024639999999999974	0.9055803571428571	0.9733258928571429	0.8814248096699617	345	-317.0	-0.0024639999999999974
S100A6	205.5	0.007985	1254.0	0.00677	1048.5	0.0012150000000000008	0.9595982142857142	0.9182477678571429	0.8811489183075574	346	1048.5	-0.0012150000000000008
CDK12	998.5	0.015929	586.0	0.014079	412.5	0.0018499999999999992	0.9204241071428572	0.9571428571428572	0.8809773596938776	347	-412.5	-0.0018499999999999992
CUL9	798.0	0.004967	37.0	0.006285	761.0	0.0013179999999999997	0.9494419642857143	0.9276785714285715	0.8807769650829081	348	-761.0	0.0013179999999999997
ACACA	461.0	0.02926	1141.5	0.027873	680.5	0.0013870000000000028	0.9449776785714286	0.93203125	0.8807487269810268	349	680.5	-0.0013870000000000028
GABPA	583.5	0.007373	4832.5	0.006457	4249.0	0.0009160000000000001	0.9931919642857143	0.8863839285714286	0.8803493951291455	350	4249.0	-0.0009160000000000001
DTNA	1662.0	0.006747	107.0	0.007832	1555.0	0.001085	0.9723214285714286	0.9051897321428571	0.8801353734853317	351	-1555.0	0.001085
COMTD1	64.0	0.007077	781.0	0.005731	717.0	0.001346	0.946875	0.9293526785714286	0.8799808175223215	352	717.0	-0.001346
CYB5A	422.0	0.004935	12.0	0.006736	410.0	0.0018009999999999996	0.9203125	0.9556919642857142	0.8795352608816963	353	-410.0	0.0018009999999999996
SSSCA1	3446.5	0.011181	11150.5	0.010299	7704.0	0.0008819999999999991	0.9977678571428571	0.88125	0.8792829241071428	354	7704.0	-0.0008819999999999991
RHBDD1	956.5	0.008948	2940.5	0.007927	1984.0	0.0010209999999999993	0.9786830357142857	0.8983258928571428	0.8791763118821747	355	1984.0	-0.0010209999999999993
XRN2	192.0	0.029329	442.5	0.025997	250.5	0.0033320000000000016	0.8916852678571429	0.9859375	0.8791459437779018	356	250.5	-0.0033320000000000016
PRPF4B	89.0	0.026072	314.5	0.021371	225.5	0.004701	0.8840401785714286	0.9939732142857143	0.8787122578523597	357	225.5	-0.004701
HTT	700.833333	0.014589	88.5	0.01599	612.333333	0.0014010000000000012	0.9412946428571428	0.9332589285714286	0.8784716298628826	358	-612.333333	0.0014010000000000012
RING1	71.0	0.01229	419.0	0.010233	348.0	0.002057	0.9111049107142857	0.9641741071428571	0.878463763801419	359	348.0	-0.002057
RHOQ	619.5	0.012455	46.0	0.013919	573.5	0.001464	0.9380022321428572	0.9364397321428571	0.8783825590172593	360	-573.5	0.001464
STAU1	586.0	0.083951	792.5	0.073612	206.5	0.010339000000000001	0.8780133928571429	0.9997767857142857	0.8778174077248087	361	206.5	-0.010339000000000001
ATP5O	1455.0	0.020978	852.166667	0.019576	602.833333	0.0014020000000000005	0.9404017857142857	0.9333705357142857	0.8777433185188138	362	-602.833333	-0.0014020000000000005
SLK	70.5	0.013039	463.0	0.011245	392.5	0.0017940000000000005	0.9185267857142857	0.95546875	0.8776236397879464	363	392.5	-0.0017940000000000005
TMOD3	464.5	0.019123	697.833333	0.015227	233.33333300000004	0.003896000000000002	0.8861607142857143	0.9902901785714285	0.8775562519929847	364	233.33333300000004	-0.003896000000000002
VTN	414.0	0.010067	47.0	0.011964	367.0	0.0018970000000000011	0.9146205357142857	0.959375	0.8774640764508929	365	-367.0	0.0018970000000000011
TUBA1A	7419.166667	0.029219	7034.833333	0.031056	384.33333400000083	0.0018370000000000018	0.9170758928571429	0.9566964285714286	0.8773632314253826	366	-384.33333400000083	0.0018370000000000018
LGALS9	104.5	0.03277	617.0	0.031269	512.5	0.0015010000000000023	0.9339285714285714	0.9390625	0.8770172991071429	367	512.5	-0.0015010000000000023
A2M	2838.5	0.006897	6923.5	0.007795	4085.0	0.0008979999999999995	0.9922991071428572	0.8837611607142857	0.8769554107043208	368	4085.0	0.0008979999999999995
SPOP	452.5	0.025131	44.5	0.026887	408.0	0.0017560000000000006	0.9199776785714285	0.953125	0.8768537248883929	369	-408.0	0.0017560000000000006
PSMD10	528.0	0.011338	0.0	0.012816	528.0	0.0014779999999999984	0.9345982142857143	0.9376116071428572	0.876290133729273	370	-528.0	0.0014779999999999984
HIF1AN	478.5	0.011788	53.0	0.013482	425.5	0.0016939999999999993	0.9227120535714286	0.9495535714285714	0.8761645258689413	371	-425.5	0.0016939999999999993
LDHA	373.0	0.027854	100.0	0.030475	273.0	0.0026209999999999983	0.8969866071428572	0.9764508928571428	0.8758633734255421	372	-273.0	0.0026209999999999983
EIF4A1	282.833333	0.027488	21.0	0.030241	261.833333	0.002753000000000002	0.8946428571428572	0.9784598214285715	0.875372090242347	373	-261.833333	0.002753000000000002
PAF1	171.0	0.017323	564.0	0.015579	393.0	0.0017440000000000008	0.9188616071428571	0.9524553571428571	0.8751746601961097	374	393.0	-0.0017440000000000008
RPS6KA1	488.5	0.010129	31.5	0.011698	457.0	0.0015689999999999992	0.9270089285714286	0.9433035714285715	0.8744508330676021	375	-457.0	0.0015689999999999992
GRN	1083.0	0.009992	271.0	0.011216	812.0	0.0012240000000000011	0.9513392857142857	0.9189732142857143	0.8742553212691327	376	-812.0	0.0012240000000000011
KPNA6	708.0	0.014274	1094.5	0.012531	386.5	0.0017429999999999998	0.9177455357142857	0.9522321428571429	0.8739067980707909	377	386.5	-0.0017429999999999998
SEC61A1	722.333333	0.016438	126.333333	0.017792	596.0	0.0013539999999999976	0.9397321428571429	0.9297991071428572	0.8737621073820154	378	-596.0	0.0013539999999999976
YWHAZ	989.5	0.048413	764.5	0.052064	225.0	0.0036510000000000015	0.8838727678571429	0.9885044642857143	0.8737121768873565	379	-225.0	0.0036510000000000015
SLC12A2	653.0	0.01194	61.5	0.013298	591.5	0.0013580000000000016	0.9393973214285715	0.9300223214285714	0.873660477618782	380	-591.5	0.0013580000000000016
YWHAG	3145.0	0.043412	1295.5	0.042432	1849.5	0.0009800000000000017	0.9764508928571428	0.8941964285714286	0.8731389010682398	381	-1849.5	-0.0009800000000000017
RAB7A	248.0	0.034854	34.5	0.038861	213.5	0.004006999999999997	0.8802455357142858	0.9912946428571429	0.8725826839524873	382	-213.5	0.004006999999999997
CLUAP1	340.5	0.006159	3.0	0.008093	337.5	0.001933999999999999	0.9083147321428572	0.9606026785714286	0.8725295646823182	383	-337.5	0.001933999999999999
SCYL2	119.0	0.014113	627.0	0.012688	508.0	0.001425000000000001	0.9333705357142857	0.9347098214285714	0.87243060676419	384	508.0	-0.001425000000000001
ACIN1	415.5	0.023831	56.0	0.025613	359.5	0.0017819999999999989	0.9137276785714286	0.9545758928571428	0.8722224146006058	385	-359.5	0.0017819999999999989
RAB25	778.5	0.007213	17.0	0.008432	761.5	0.0012190000000000005	0.9495535714285714	0.9184151785714286	0.8720844128667092	386	-761.5	0.0012190000000000005
EPHA2	982.5	0.025431	2260.5	0.02437	1278.0	0.0010609999999999994	0.96640625	0.9021205357142857	0.8718149239676339	387	1278.0	-0.0010609999999999994
CXADR	177.0	0.0139	949.5	0.012695	772.5	0.0012049999999999995	0.9501116071428571	0.9175223214285714	0.8717486074019452	388	772.5	-0.0012049999999999995
EFTUD2	269.0	0.08666	60.0	0.090802	209.0	0.004141999999999993	0.8787388392857143	0.9918526785714286	0.8715794715102838	389	-209.0	0.004141999999999993
C21orf33	3834.333333	0.012467	549.5	0.011591	3284.833333	0.000876	0.9892857142857143	0.8806919642857143	0.8712559789540817	390	-3284.833333	-0.000876
MBD3	721.0	0.01589	1138.5	0.014277	417.5	0.0016130000000000016	0.92109375	0.9456473214285714	0.8710298374720983	391	417.5	-0.0016130000000000016
EXOSC5	1677.166667	0.009729	2236.0	0.00838	558.833333	0.0013489999999999995	0.9369419642857143	0.9294642857142857	0.8708540935905613	392	558.833333	-0.0013489999999999995
PVRL2	1060.0	0.006438	213.0	0.00759	847.0	0.0011520000000000002	0.95390625	0.9127790178571429	0.8707056100027901	393	-847.0	0.0011520000000000002
AP2A1	353.333333	0.022309	24.5	0.024235	328.833333	0.0019260000000000006	0.9069196428571429	0.9600446428571429	0.8706833446269133	394	-328.833333	0.0019260000000000006
ATM	1211.5	0.015722	1748.0	0.014345	536.5	0.0013769999999999998	0.93515625	0.9310267857142858	0.8706555175781251	395	536.5	-0.0013769999999999998
HIST1H1D	489.5	0.023057	106.5	0.02475	383.0	0.001693	0.9168526785714286	0.9494419642857143	0.8704984081034758	396	-383.0	0.001693
AKAP9	140.5	0.013742	419.5	0.011518	279.0	0.0022240000000000003	0.8982142857142857	0.9688616071428572	0.8702453364158164	397	279.0	-0.0022240000000000003
PSMB6	1045.0	0.016061	468.0	0.014744	577.0	0.0013169999999999987	0.93828125	0.9274553571428571	0.8702139718191964	398	-577.0	-0.0013169999999999987
SEC23IP	174.5	0.015438	664.0	0.014028	489.5	0.0014099999999999998	0.9310825892857143	0.9340401785714286	0.8696685479611768	399	489.5	-0.0014099999999999998
ABI2	1508.0	0.009215	745.0	0.01039	763.0	0.0011750000000000007	0.9496651785714286	0.9152901785714286	0.8692192108777105	400	-763.0	0.0011750000000000007
H3F3A	827.0	0.040064	242.5	0.041344	584.5	0.0012799999999999964	0.9389508928571428	0.9248883928571429	0.8684247822664222	401	-584.5	0.0012799999999999964
SLC25A12	628.5	0.013286	26.5	0.014553	602.0	0.0012670000000000008	0.9402901785714286	0.9235491071428571	0.8684041548748406	402	-602.0	0.0012670000000000008
CYB5B	392.5	0.010789	21.5	0.012454	371.0	0.0016649999999999998	0.9152901785714286	0.9486607142857143	0.8682998345822704	403	-371.0	0.0016649999999999998
DYNC1LI1	1224.5	0.015017	14.0	0.016043	1210.5	0.0010260000000000009	0.9647321428571428	0.8992745535714286	0.8675590670838648	404	-1210.5	0.0010260000000000009
COPS4	305.5	0.012667	7.0	0.014642	298.5	0.001975000000000001	0.9012834821428571	0.9619419642857143	0.8669824031907686	405	-298.5	0.001975000000000001
MEOX2	4894.833333	0.010268	4006.5	0.011369	888.3333329999996	0.0011010000000000013	0.95546875	0.9073102678571429	0.8669066074916294	406	-888.3333329999996	0.0011010000000000013
ANKRD11	627.0	0.007702	67.0	0.008983	560.0	0.001281	0.9370535714285714	0.9251116071428571	0.8668791354432397	407	-560.0	0.001281
PPIE	197.5	0.017975	438.0	0.015441	240.5	0.0025340000000000015	0.8888392857142857	0.9752232142857142	0.866816705197704	408	240.5	-0.0025340000000000015
HIST2H2AA3	1392.5	0.009183	95.0	0.010181	1297.5	0.0009980000000000006	0.9672991071428572	0.8960379464285714	0.8667367055464764	409	-1297.5	0.0009980000000000006
SLC15A3	410.833333	0.010268	77.5	0.012057	333.333333	0.0017890000000000007	0.9072544642857143	0.9550223214285715	0.8664482646085778	410	-333.333333	0.0017890000000000007
CMBL	594.0	0.008438	29.0	0.009708	565.0	0.0012700000000000003	0.9373883928571428	0.9237723214285715	0.8659334517498406	411	-565.0	0.0012700000000000003
HNRNPD	497.0	0.042165	287.5	0.045323	209.5	0.003158000000000001	0.8790178571428572	0.984375	0.8652832031250001	412	-209.5	0.003158000000000001
HERC5	502.0	0.01574	81.5	0.017239	420.5	0.0014990000000000003	0.9216517857142857	0.9388392857142858	0.865282904177296	413	-420.5	0.0014990000000000003
MRPL27	627.5	0.006728	1704.166667	0.005691	1076.666667	0.0010369999999999997	0.9606026785714286	0.9	0.8645424107142857	414	1076.666667	-0.0010369999999999997
YTHDF1	248.0	0.027579	9.0	0.02998	239.0	0.0024010000000000004	0.8884486607142857	0.9720982142857143	0.8636593565648917	415	-239.0	0.0024010000000000004
CDK2	145.5	0.042648	485.0	0.040941	339.5	0.0017070000000000002	0.908984375	0.9500558035714286	0.8635858808244977	416	339.5	-0.0017070000000000002
PBRM1	5070.5	0.014116	5892.0	0.013028	821.5	0.0010880000000000004	0.9521205357142857	0.9059151785714286	0.8625404451331313	417	821.5	-0.0010880000000000004
MRPL38	1093.5	0.011277	3184.0	0.010407	2090.5	0.000870000000000001	0.9800223214285714	0.8799107142857143	0.8623321408641581	418	2090.5	-0.000870000000000001
ATP2A1	379.5	0.013548	24.5	0.01514	355.0	0.0015920000000000014	0.912890625	0.9442522321428571	0.8619990103585379	419	-355.0	0.0015920000000000014
GATAD2B	204.5	0.015965	649.5	0.014585	445.0	0.0013799999999999993	0.9253348214285714	0.9311941964285714	0.8616664154675541	420	445.0	-0.0013799999999999993
TSNAX	461.5	0.010138	10.0	0.011501	451.5	0.0013630000000000014	0.9261160714285714	0.9302455357142857	0.8615153409996811	421	-451.5	0.0013630000000000014
AP2M1	3801.5	0.024469	3020.0	0.023374	781.5	0.0010950000000000022	0.9503348214285714	0.9064732142857143	0.8614530602279974	422	-781.5	-0.0010950000000000022
HERC2	1161.0	0.018159	1737.333333	0.016947	576.333333	0.0012120000000000013	0.9381696428571429	0.9178013392857143	0.861053354691486	423	576.333333	-0.0012120000000000013
NLRP6	301.5	0.015503	116.0	0.019295	185.5	0.0037920000000000002	0.8696986607142857	0.9896205357142858	0.8606716545260683	424	-185.5	0.0037920000000000002
EIF3E	380.5	0.023356	148.5	0.025737	232.0	0.002381000000000001	0.8858816964285714	0.9712053571428572	0.8603730493662308	425	-232.0	0.002381000000000001
CAV1	5089.0	0.026529	9894.333333	0.027304	4805.3333330000005	0.0007749999999999979	0.9939732142857143	0.8655133928571429	0.8602971291055486	426	4805.3333330000005	0.0007749999999999979
MPRIP	614.0	0.013873	56.5	0.015088	557.5	0.0012150000000000008	0.93671875	0.9182477678571429	0.8601399012974331	427	-557.5	0.0012150000000000008
CCT5	259.0	0.03031	62.5	0.033384	196.5	0.003073999999999997	0.8739397321428571	0.9833705357142857	0.8594065825793208	428	-196.5	0.003073999999999997
RABGAP1	455.5	0.006406	66.0	0.007862	389.5	0.001455999999999999	0.9180803571428572	0.9358258928571429	0.8591633699378189	429	-389.5	0.001455999999999999
NUP205	246.5	0.018648	592.0	0.017076	345.5	0.0015720000000000005	0.9104910714285714	0.9434151785714285	0.858971096739477	430	345.5	-0.0015720000000000005
IARS	213.5	0.030262	393.5	0.02635	180.0	0.003912000000000002	0.8671875	0.9905133928571429	0.8589608328683036	431	180.0	-0.003912000000000002
DES	1738.0	0.00739	757.0	0.00639	981.0	0.001	0.9582589285714286	0.8963169642857143	0.858903733856824	432	-981.0	-0.001
ARF4	412.5	0.019145	63.5	0.020695	349.0	0.0015500000000000028	0.9113839285714286	0.9421875	0.8586945452008928	433	-349.0	0.0015500000000000028
USP11	524.166667	0.029263	783.5	0.03119	259.33333300000004	0.0019269999999999982	0.8938616071428571	0.96015625	0.858246808733259	434	259.33333300000004	0.0019269999999999982
TACO1	361.5	0.010425	662.0	0.008697	300.5	0.0017280000000000004	0.9016741071428571	0.9515625	0.857999267578125	435	300.5	-0.0017280000000000004
USO1	53.5	0.015616	335.0	0.013855	281.5	0.0017610000000000004	0.89921875	0.9535714285714286	0.8574693080357143	436	281.5	-0.0017610000000000004
TSSC4	209.5	0.006243	1485.5	0.00532	1276.0	0.0009230000000000002	0.9662946428571428	0.8872767857142857	0.8573708047672194	437	1276.0	-0.0009230000000000002
ARL6IP4	318.0	0.008844	1048.0	0.007769	730.0	0.0010749999999999996	0.94765625	0.903515625	0.8562222290039063	438	730.0	-0.0010749999999999996
TPM2	450.5	0.010863	891.5	0.009574	441.0	0.0012890000000000002	0.9249441964285714	0.9256696428571428	0.8561927639708227	439	441.0	-0.0012890000000000002
FOXP1	344.0	0.012995	33.0	0.014617	311.0	0.0016220000000000002	0.9042410714285715	0.9462053571428571	0.8555977459343113	440	-311.0	0.0016220000000000002
DNAJC7	3153.5	0.021589	326.0	0.022374	2827.5	0.000785000000000001	0.9863839285714285	0.8669642857142857	0.8551596380739795	441	-2827.5	0.000785000000000001
MSX2	526.5	0.009148	68.0	0.010398	458.5	0.0012499999999999994	0.9272879464285714	0.9216517857142857	0.8546365916972257	442	-458.5	0.0012499999999999994
AGRN	332.5	0.014689	35.0	0.016345	297.5	0.0016559999999999978	0.9011160714285714	0.9481026785714286	0.8543505610251914	443	-297.5	0.0016559999999999978
BRCA2	618.5	0.012992	1340.5	0.011932	722.0	0.0010600000000000002	0.9470982142857143	0.9020089285714286	0.8542910455197704	444	722.0	-0.0010600000000000002
C11orf30	92.5	0.006202	2218.5	0.005395	2126.0	0.0008070000000000004	0.9803571428571428	0.8712611607142857	0.854147102200255	445	2126.0	-0.0008070000000000004
KBTBD7	239.0	0.005628	885.0	0.004542	646.0	0.0010860000000000002	0.9430803571428571	0.9056361607142858	0.8540876738879145	446	646.0	-0.0010860000000000002
SUMO1	1879.5	0.012477	74.5	0.0133	1805.0	0.0008229999999999991	0.9754464285714286	0.8743303571428571	0.8528624242665817	447	-1805.0	0.0008229999999999991
KPNA2	94.0	0.039375	361.0	0.037644	267.0	0.0017310000000000034	0.8957589285714286	0.9517857142857142	0.8525705516581632	448	267.0	-0.0017310000000000034
SMARCAD1	271.0	0.013493	2226.0	0.012685	1955.0	0.0008079999999999997	0.9780133928571428	0.8716517857142857	0.8524871203364158	449	1955.0	-0.0008079999999999997
CCDC12	171.5	0.005731	1002.0	0.004751	830.5	0.00098	0.9530133928571428	0.8940848214285714	0.8520748091717155	450	830.5	-0.00098
C16orf72	966.0	0.030801	1384.833333	0.029522	418.83333300000004	0.0012789999999999989	0.9213169642857143	0.9247209821428571	0.8519611280791614	451	418.83333300000004	-0.0012789999999999989
RAC2	867.5	0.022028	667.5	0.024468	200.0	0.002440000000000001	0.8752790178571429	0.9729910714285714	0.8516386693837692	452	-200.0	0.002440000000000001
NDUFA13	790.5	0.007925	6873.833333	0.007199	6083.333333	0.0007260000000000001	0.9958705357142857	0.8550223214285714	0.8514915372887436	453	6083.333333	-0.0007260000000000001
CFTR	7261.5	0.056246	8810.333333	0.05541	1548.8333330000005	0.0008359999999999965	0.9719866071428571	0.8760044642857143	0.8514646070830676	454	1548.8333330000005	-0.0008359999999999965
KLC1	294.0	0.01606	20.0	0.01774	274.0	0.0016799999999999975	0.8972098214285714	0.9489955357142857	0.8514481151347257	455	-274.0	0.0016799999999999975
ACTB	5728.166667	0.048944	4582.5	0.049842	1145.6666670000004	0.000897999999999996	0.9630580357142857	0.88359375	0.8509520612444196	456	-1145.6666670000004	0.000897999999999996
VDAC3	271.0	0.019754	99.0	0.022979	172.0	0.0032249999999999987	0.8637276785714286	0.9849330357142857	0.85071392448581	457	-172.0	0.0032249999999999987
KHDRBS1	248.0	0.029683	21.0	0.031655	227.0	0.0019720000000000015	0.8846540178571428	0.9616071428571429	0.850689622528699	458	-227.0	0.0019720000000000015
LCOR	563.0	0.008055	1939.0	0.007208	1376.0	0.0008469999999999997	0.9693080357142857	0.8774553571428572	0.8505245286591199	459	1376.0	-0.0008469999999999997
VAV1	2351.5	0.00696	634.5	0.007773	1717.0	0.0008130000000000004	0.9745535714285715	0.872265625	0.850069580078125	460	-1717.0	0.0008130000000000004
TFAM	997.5	0.020364	684.5	0.018861	313.0	0.0015030000000000009	0.9047433035714286	0.9392857142857143	0.8498124601403062	461	-313.0	-0.0015030000000000009
PMPCA	486.5	0.012386	1017.0	0.011275	530.5	0.0011109999999999991	0.9348214285714286	0.9083705357142857	0.8491642418686225	462	530.5	-0.0011109999999999991
PRKAR2A	1215.0	0.014911	1940.0	0.01391	725.0	0.0010010000000000002	0.9472098214285715	0.8964285714285715	0.8491059470663266	463	725.0	-0.0010010000000000002
RECQL	3775.0	0.018551	2833.5	0.017634	941.5	0.0009170000000000011	0.95703125	0.88671875	0.8486175537109375	464	-941.5	-0.0009170000000000011
NUFIP1	819.0	0.00495	9.0	0.005911	810.0	0.0009609999999999992	0.9511160714285715	0.8921875	0.8485738699776786	465	-810.0	0.0009609999999999992
APC	1745.5	0.014877	498.5	0.014025	1247.0	0.0008520000000000003	0.9657924107142857	0.8783482142857143	0.848302039321588	466	-1247.0	-0.0008520000000000003
FMR1	642.0	0.021173	173.0	0.020008	469.0	0.0011649999999999994	0.9282366071428572	0.9137276785714286	0.848155480209662	467	-469.0	-0.0011649999999999994
FUS	382.5	0.05303	571.5	0.050553	189.0	0.002477	0.8709263392857143	0.9737165178571429	0.8480353623993543	468	189.0	-0.002477
TRIM24	721.0	0.019039	259.0	0.017871	462.0	0.001167999999999999	0.9275669642857143	0.9141741071428572	0.8479577013911034	469	-462.0	-0.001167999999999999
ZGPAT	147.0	0.007604	978.5	0.006666	831.5	0.0009379999999999996	0.9531808035714285	0.8893973214285714	0.8477564535335618	470	831.5	-0.0009379999999999996
CUL5	4204.5	0.027297	659.0	0.028026	3545.5	0.0007290000000000005	0.9904017857142857	0.8557477678571429	0.8475341174067283	471	-3545.5	0.0007290000000000005
USP34	7272.5	0.008431	6966.166667	0.006942	306.3333329999996	0.001488999999999999	0.903125	0.93828125	0.84738525390625	472	-306.3333329999996	-0.001488999999999999
WDR76	752.0	0.022573	196.0	0.023654	556.0	0.001081000000000002	0.9365513392857143	0.9044084821428572	0.847024975212253	473	-556.0	0.001081000000000002
EPB41L5	116.0	0.016209	391.0	0.014635	275.0	0.0015740000000000007	0.8974330357142857	0.9435267857142857	0.8467521075813137	474	275.0	-0.0015740000000000007
FYN	782.0	0.014736	555.0	0.016574	227.0	0.0018379999999999976	0.8846540178571428	0.9568080357142857	0.8464440731126435	475	-227.0	0.0018379999999999976
AURKB	1044.0	0.041765	587.0	0.040612	457.0	0.0011529999999999943	0.9270089285714286	0.9129464285714286	0.8463094905931123	476	-457.0	-0.0011529999999999943
NSD1	178.5	0.009557	574.5	0.008315	396.0	0.001242	0.9191964285714286	0.9206473214285714	0.846255729830995	477	396.0	-0.001242
PPAN	135.5	0.016508	321.0	0.01409	185.5	0.0024179999999999983	0.8696986607142857	0.9728794642857143	0.8461119671257175	478	185.5	-0.0024179999999999983
SMAD1	232.5	0.005712	572.5	0.004359	340.0	0.001353	0.9092075892857143	0.9296875	0.8452789306640626	479	340.0	-0.001353
C1orf35	379.5	0.01852	572.0	0.016322	192.5	0.0021979999999999986	0.8727678571428571	0.9676339285714286	0.8445197903380102	480	192.5	-0.0021979999999999986
RPS11	4506.666667	0.031477	4075.666667	0.030308	431.00000000000045	0.0011689999999999964	0.9236607142857143	0.9142857142857143	0.8444897959183674	481	-431.00000000000045	-0.0011689999999999964
TECR	1814.5	0.020773	100.5	0.021553	1714.0	0.0007799999999999994	0.9743303571428571	0.8661272321428571	0.8438940554249043	482	-1714.0	0.0007799999999999994
GFPT1	7357.5	0.016128	8917.0	0.015334	1559.5	0.0007939999999999996	0.9724330357142857	0.8678013392857142	0.84387869075853	483	1559.5	-0.0007939999999999996
EIF2AK2	466.0	0.019463	256.5	0.017557	209.5	0.0019060000000000014	0.8790178571428572	0.959765625	0.843651123046875	484	-209.5	-0.0019060000000000014
H2AFZ	48.5	0.020317	375.0	0.018949	326.5	0.0013680000000000012	0.9065848214285714	0.9305803571428571	0.8436500269052933	485	326.5	-0.0013680000000000012
ACAA2	272.5	0.008321	41.0	0.010061	231.5	0.0017400000000000002	0.8856026785714286	0.9521205357142857	0.8432004967514349	486	-231.5	0.0017400000000000002
CWC15	824.0	0.010048	208.5	0.009073	615.5	0.0009750000000000002	0.9415736607142857	0.8935825892857143	0.8413738297443001	487	-615.5	-0.0009750000000000002
RAC1	695.0	0.035028	203.0	0.036099	492.0	0.0010710000000000025	0.9314174107142857	0.9030133928571429	0.8410823962153221	488	-492.0	0.0010710000000000025
SKP2	176.5	0.011366	526.0	0.01011	349.5	0.0012560000000000002	0.9116629464285714	0.9222098214285714	0.8407445230289381	489	349.5	-0.0012560000000000002
SNX27	374.5	0.01635	738.5	0.01512	364.0	0.0012300000000000002	0.9142857142857143	0.91953125	0.8407142857142857	490	364.0	-0.0012300000000000002
NHP2	5681.5	0.009651	8645.5	0.008944	2964.0	0.0007069999999999993	0.9873883928571429	0.850390625	0.8396658325195312	491	2964.0	-0.0007069999999999993
TAF6L	30.0	0.008348	780.0	0.007444	750.0	0.0009039999999999994	0.9487723214285714	0.8844866071428571	0.8391764115314093	492	750.0	-0.0009039999999999994
TAX1BP1	1066.5	0.013608	361.5	0.014525	705.0	0.0009169999999999994	0.9465401785714286	0.8865513392857143	0.8391564630002392	493	-705.0	0.0009169999999999994
CCT8	291.0	0.036536	140.0	0.039647	151.0	0.0031110000000000027	0.8524553571428571	0.9839285714285714	0.838755181760204	494	-151.0	0.0031110000000000027
EIF4G1	352.0	0.033353	129.5	0.031653	222.5	0.0017000000000000001	0.8828683035714285	0.9496651785714286	0.838429285166215	495	-222.5	-0.0017000000000000001
RPSA	1185.5	0.033932	536.666667	0.033003	648.833333	0.0009289999999999993	0.9433035714285715	0.8886160714285715	0.838234713807398	496	-648.833333	-0.0009289999999999993
ITCH	3889.5	0.017661	4489.0	0.016702	599.5	0.000958999999999998	0.9399553571428572	0.8917410714285714	0.838196797273597	497	599.5	-0.000958999999999998
UBA2	585.5	0.01582	131.5	0.014738	454.0	0.0010820000000000014	0.9265625	0.9045758928571429	0.8381461007254465	498	-454.0	-0.0010820000000000014
POLR2A	596.5	0.027498	352.5	0.025958	244.0	0.0015400000000000032	0.8899553571428571	0.9416294642857143	0.83800818618463	499	-244.0	-0.0015400000000000032
CCDC124	4.0	0.012498	220.5	0.010783	216.5	0.0017150000000000012	0.8811941964285714	0.9507254464285714	0.8377737457898198	500	216.5	-0.0017150000000000012
